$ 1 0.000005 10.20027730826997 50 5 43 5e-11
R -80 48 -80 0 0 0 40 5 0 0 0.5
174 -80 48 -80 80 1 1000 0.005 Resistance
g -80 80 -80 112 0 0
g -80 256 -80 288 0 0
174 -80 224 -80 256 1 1000 0.005 Resistance
R -80 224 -80 176 0 0 40 5 0 0 0.5
R 256 128 256 80 0 0 40 5 0 0 0.5
r 256 128 256 160 0 1000
w 256 160 256 192 0
w 256 192 336 192 0
w 256 192 256 224 0
w 256 224 208 224 0
w 208 224 208 256 0
w 256 224 304 224 0
w 304 224 352 224 0
w 352 224 352 256 0
f 160 272 208 272 32 1.5 0.02
f 160 336 208 336 32 1.5 0.02
f 304 272 352 272 32 1.5 0.02
f 304 336 352 336 32 1.5 0.02
w 208 288 208 320 0
w 352 288 352 320 0
g 208 512 208 544 0 0
g 352 432 352 464 0 0
w 80 128 80 144 0
r 80 112 80 128 0 1000
R 80 112 80 80 0 0 40 5 0 0 0.5
f 48 160 80 160 32 1.5 0.02
g 80 176 80 192 0 0
w -64 64 0 64 0
w -64 240 0 240 0
g 80 368 80 384 0 0
f 48 352 80 352 32 1.5 0.02
R 80 304 80 272 0 0 40 5 0 0 0.5
r 80 304 80 320 0 1000
w 80 320 80 336 0
w 0 64 0 160 0
w 0 160 48 160 0
w 0 240 0 352 0
w 0 352 48 352 0
w 80 144 224 144 0
w 224 144 224 272 0
w 224 272 304 272 0
w 80 336 160 336 0
w 0 160 0 208 0
w 0 208 160 208 0
w 160 208 160 272 0
w 0 240 304 240 0
w 304 240 304 336 0
w 336 192 528 192 0
w 560 176 704 176 0
g 560 208 560 224 0 0
f 528 192 560 192 32 1.5 0.02
R 560 144 560 112 0 0 40 5 0 0 0.5
r 560 144 560 160 0 1000
w 560 160 560 176 0
174 -80 400 -80 432 1 1000 0.005 Resistance
g -80 432 -80 480 0 0
R -80 400 -80 352 0 0 40 5 0 0 0.5
w -64 416 0 416 0
w 0 416 0 528 0
w 0 528 48 528 0
f 48 528 80 528 32 1.5 0.02
g 80 544 80 560 0 0
r 80 496 80 512 0 1000
R 80 496 80 464 0 0 40 5 0 0 0.5
w 80 512 160 512 0
f 160 512 208 512 32 1.5 0.02
w 208 352 208 496 0
w 0 416 304 416 0
f 304 416 352 416 32 1.5 0.02
w 352 352 352 400 0
